{
 "cells": [
  {
   "cell_type": "code",
   "execution_count": 1,
   "id": "31dc7598",
   "metadata": {},
   "outputs": [],
   "source": [
    "import numpy as np\n",
    "import scipy.linalg as la\n",
    "import matplotlib.pyplot as plt\n",
    "import numpy.linalg as npLA"
   ]
  },
  {
   "cell_type": "code",
   "execution_count": 2,
   "id": "bf2bec96",
   "metadata": {},
   "outputs": [],
   "source": [
    "def make_parametric_system(n=30, m=1, q=1, seed=0):\n",
    "    rng = np.random.default_rng(seed)\n",
    "\n",
    "    # stabilna A0 - negativno dominantna dijagonala \n",
    "    diag = -np.linspace(1.0, 3.0, n)\n",
    "    A0 = np.diag(diag)\n",
    "    A0 += 0.05 * rng.standard_normal((n, n))\n",
    "\n",
    "    A1 = 0.2 * rng.standard_normal((n, n))\n",
    "    A2 = 0.2 * rng.standard_normal((n, n))\n",
    "\n",
    "    B = rng.standard_normal((n, m))\n",
    "    C = rng.standard_normal((q, n))\n",
    "\n",
    "    # skaliranje matrica da ne naruse stabilnost sustava\n",
    "    A1 = (A1 - A1.T) * 0.05 + (A1 + A1.T) * 0.02\n",
    "    A2 = (A2 - A2.T) * 0.05 + (A2 + A2.T) * 0.02\n",
    "\n",
    "    return A0, A1, A2, B, C\n",
    "\n",
    "A0, A1, A2, B, C = make_parametric_system(n=30, seed=1)\n",
    "\n",
    "def A_of_p(p1, p2):\n",
    "    return A0 + p1*A1 + p2*A2\n"
   ]
  },
  {
   "cell_type": "code",
   "execution_count": 3,
   "id": "2e29782f",
   "metadata": {},
   "outputs": [],
   "source": [
    "p1_vals = np.linspace(-1.0, 1.0, 11)\n",
    "p2_vals = np.linspace(-1.0, 1.0, 11)\n",
    "param_grid = [(p1, p2) for p1 in p1_vals for p2 in p2_vals]\n"
   ]
  },
  {
   "cell_type": "code",
   "execution_count": 4,
   "id": "52b0850b",
   "metadata": {},
   "outputs": [
    {
     "name": "stdout",
     "output_type": "stream",
     "text": [
      "Stabilno na mre탑i: True (121/121)\n"
     ]
    }
   ],
   "source": [
    "def is_stable(A, tol=1e-8):\n",
    "    lam = la.eigvals(A)\n",
    "    return np.max(np.real(lam)) < -tol\n",
    "\n",
    "stable_flags = [is_stable(A_of_p(p1,p2)) for (p1,p2) in param_grid]\n",
    "print(\"Stabilno na mre탑i:\", all(stable_flags), f\"({sum(stable_flags)}/{len(stable_flags)})\")\n"
   ]
  },
  {
   "cell_type": "code",
   "execution_count": 5,
   "id": "2da662b0",
   "metadata": {},
   "outputs": [],
   "source": [
    "def gramian_controllability(A, B):\n",
    "    return la.solve_continuous_lyapunov(A, -(B @ B.T))\n",
    "\n",
    "def h2_norm(A, B, C):\n",
    "    if np.max(np.real(la.eigvals(A))) >= 0:\n",
    "        return np.inf\n",
    "    P = la.solve_continuous_lyapunov(A, -(B @ B.T))\n",
    "    val2 = np.real(np.trace(C @ P @ C.T))\n",
    "    return float(np.sqrt(max(val2, 0.0)))\n",
    "\n",
    "def h2_error(full, red):\n",
    "    Af, Bf, Cf = full\n",
    "    Ar, Br, Cr = red\n",
    "\n",
    "    # G - Gr\n",
    "    # x_e = [x; xr]\n",
    "    Ae = la.block_diag(Af, Ar)\n",
    "    Be = np.vstack([Bf, Br])\n",
    "    Ce = np.hstack([Cf, -Cr])\n",
    "\n",
    "    return h2_norm(Ae, Be, Ce)\n"
   ]
  },
  {
   "cell_type": "code",
   "execution_count": null,
   "id": "8cabe101",
   "metadata": {},
   "outputs": [],
   "source": [
    "def balanced_truncation_basis(A, B, C, r):\n",
    "    # gramijani\n",
    "    P = gramian_controllability(A, B)\n",
    "    Q = la.solve_continuous_lyapunov(A.T, -(C.T @ C))\n",
    "\n",
    "    # Cholesky\n",
    "    eps = 1e-10\n",
    "    P = (P + P.T) / 2\n",
    "    Q = (Q + Q.T) / 2\n",
    "\n",
    "    # stabiliziram ako treba\n",
    "    P_reg = P + eps*np.eye(P.shape[0])\n",
    "    Q_reg = Q + eps*np.eye(Q.shape[0])\n",
    "\n",
    "    R = la.cholesky(P_reg, lower=True)\n",
    "    S = la.cholesky(Q_reg, lower=True)\n",
    "\n",
    "    M = S.T @ R\n",
    "    U, s, Vt = la.svd(M, full_matrices=False)\n",
    "    \n",
    "    # plotam HSV\n",
    "    plt.semilogy(s, 'r.')\n",
    "    plt.show()\n",
    "    print(s)\n",
    "\n",
    "    # r dominantnih sv\n",
    "    Ur = U[:, :r]\n",
    "    Vr = Vt.T[:, :r]\n",
    "    sr = s[:r]\n",
    "\n",
    "    # projekcijske baze\n",
    "    Sigma_inv_sqrt = np.diag(1.0 / np.sqrt(sr))\n",
    "    V = R @ Vr @ Sigma_inv_sqrt\n",
    "    W = S @ Ur @ Sigma_inv_sqrt\n",
    "\n",
    "    # biortogonalizacija proj baza da W.T @ V = I\n",
    "    Mwv = W.T @ V\n",
    "    U2, s2, Vt2 = la.svd(Mwv)\n",
    "    V = V @ (Vt2.T @ np.diag(1.0/np.sqrt(s2)) @ U2.T)\n",
    "    W = W @ (U2 @ np.diag(1.0/np.sqrt(s2)) @ Vt2)\n",
    "    return V, W, s  # s = sve Hankel singularne vrijednosti\n"
   ]
  },
  {
   "cell_type": "code",
   "execution_count": 7,
   "id": "131d722f",
   "metadata": {},
   "outputs": [],
   "source": [
    "## Provjera \n",
    "\n",
    "def bt_diag(A, B, C, r, eps=1e-10):\n",
    "\n",
    "    P = la.solve_continuous_lyapunov(A, -(B @ B.T))\n",
    "    Q = la.solve_continuous_lyapunov(A.T, -(C.T @ C))\n",
    "\n",
    "    P = 0.5*(P + P.T)\n",
    "    Q = 0.5*(Q + Q.T)\n",
    "\n",
    "    P += eps*np.eye(P.shape[0])\n",
    "    Q += eps*np.eye(Q.shape[0])\n",
    "\n",
    "    print(\"Matrica P iznosi:\\n\", P)\n",
    "    print(\"\\nMatrica Q iznosi:\\n\", Q)\n",
    "\n",
    "    R = la.cholesky(P, lower=True)\n",
    "    S = la.cholesky(Q, lower=True)\n",
    "\n",
    "    M = S.T @ R\n",
    "    U, sigma, Vt = la.svd(M, full_matrices=False)\n",
    "\n",
    "    Sigma_inv_sqrt = np.diag(1.0 / np.sqrt(sigma))\n",
    "    T = R @ Vt.T @ Sigma_inv_sqrt\n",
    "    T_inv = Sigma_inv_sqrt @ U.T @ S.T\n",
    "\n",
    "    A_t = T_inv @ A @ T\n",
    "    B_t = T_inv @ B\n",
    "    C_t = C @ T\n",
    "\n",
    "    A_r = A_t[:r, :r]\n",
    "    B_r = B_t[:r, :]\n",
    "    C_r = C_t[:, :r]\n",
    "    D_r = np.zeros((C.shape[0], B.shape[1]))\n",
    "\n",
    "    print(\"\\nA_r iznosi:\\n\", A_r)\n",
    "    print(\"\\nB_r iznosi:\\n\", B_r)\n",
    "    print(\"\\nC_r iznosi:\\n\", C_r)\n",
    "    print(\"\\nD_r iznosi:\\n\", D_r)\n",
    "\n",
    "    P_bal = la.solve_continuous_lyapunov(A_r, -(B_r @ B_r.T))\n",
    "    Q_bal = la.solve_continuous_lyapunov(A_r.T, -(C_r.T @ C_r))\n",
    "\n",
    "    P_bal = 0.5*(P_bal + P_bal.T)\n",
    "    Q_bal = 0.5*(Q_bal + Q_bal.T)\n",
    "\n",
    "    print(\"\\nGramijan upravljivosti reduciranog sustava:\\n\", P_bal)\n",
    "    print(\"\\nGramijan osmotrivosti reduciranog sustava:\\n\", Q_bal)\n",
    "\n",
    "    print(f\"Ocjena pogreske: {2*sum(sigma[r:])}\")\n",
    "\n",
    "    print(\"||Pb - Qb||_F =\", la.norm(P_bal - Q_bal, 'fro'))\n",
    "\n",
    "    return A_r, B_r, C_r, sigma\n"
   ]
  },
  {
   "cell_type": "code",
   "execution_count": 8,
   "id": "89d057c1",
   "metadata": {},
   "outputs": [
    {
     "name": "stdout",
     "output_type": "stream",
     "text": [
      "Matrica P iznosi:\n",
      " [[ 8.85873344e-02  7.48005306e-02 -1.14709891e-02  1.06675173e-01\n",
      "   1.29915410e-01 -1.04089479e-01  8.25881073e-02  3.23839893e-01\n",
      "  -1.67049692e-01 -4.34469106e-02 -9.72427212e-02  3.30283613e-01\n",
      "  -2.24618171e-01 -8.99664407e-03  1.13739017e-01 -1.19727284e-01\n",
      "  -1.29633984e-02 -8.15574033e-02 -1.70714876e-01 -1.85012494e-02\n",
      "   3.14356384e-02 -4.00347106e-02  1.79960861e-02  8.30052470e-02\n",
      "   1.24828949e-01 -1.36769476e-01  6.67352687e-02 -5.04452134e-02\n",
      "  -1.98499828e-01 -8.12017216e-02]\n",
      " [ 7.48005306e-02  6.42281805e-02 -1.05799157e-02  9.01163749e-02\n",
      "   1.10194256e-01 -9.01027922e-02  6.98512698e-02  2.83812877e-01\n",
      "  -1.47612654e-01 -3.91225966e-02 -8.76611591e-02  2.90241419e-01\n",
      "  -1.98180745e-01 -7.66687076e-03  1.02647122e-01 -1.07062623e-01\n",
      "  -1.26113075e-02 -7.40479813e-02 -1.53541965e-01 -1.60614701e-02\n",
      "   3.04546282e-02 -3.67926874e-02  1.65359637e-02  7.48383027e-02\n",
      "   1.14024700e-01 -1.23952806e-01  6.06403136e-02 -4.69914873e-02\n",
      "  -1.80855574e-01 -7.38282225e-02]\n",
      " [-1.14709891e-02 -1.05799157e-02  2.25599391e-03 -1.38237214e-02\n",
      "  -1.72204878e-02  1.53518577e-02 -1.07790745e-02 -5.08454744e-02\n",
      "   2.73035465e-02  7.70380661e-03  1.74610210e-02 -5.25281196e-02\n",
      "   3.64198002e-02  1.15010417e-03 -2.05629861e-02  2.07071361e-02\n",
      "   3.09885926e-03  1.51646910e-02  3.03734887e-02  2.72959963e-03\n",
      "  -7.66300207e-03  7.86188654e-03 -3.50578696e-03 -1.49529275e-02\n",
      "  -2.38971929e-02  2.53047983e-02 -1.24845315e-02  1.05733018e-02\n",
      "   3.76115752e-02  1.52698738e-02]\n",
      " [ 1.06675173e-01  9.01163749e-02 -1.38237214e-02  1.28512727e-01\n",
      "   1.56520535e-01 -1.25433156e-01  9.94941247e-02  3.90172186e-01\n",
      "  -2.01211459e-01 -5.23812560e-02 -1.17012645e-01  3.97930382e-01\n",
      "  -2.70609105e-01 -1.09555168e-02  1.36796605e-01 -1.44138437e-01\n",
      "  -1.56393898e-02 -9.80241695e-02 -2.05388556e-01 -2.23558287e-02\n",
      "   3.75388561e-02 -4.80735755e-02  2.16544038e-02  9.98320954e-02\n",
      "   1.49912928e-01 -1.64321455e-01  8.01753255e-02 -6.03982823e-02\n",
      "  -2.38397822e-01 -9.75067288e-02]\n",
      " [ 1.29915410e-01  1.10194256e-01 -1.72204878e-02  1.56520535e-01\n",
      "   1.90826464e-01 -1.53700753e-01  1.21217363e-01  4.79641135e-01\n",
      "  -2.47882447e-01 -6.48322956e-02 -1.44929871e-01  4.89509319e-01\n",
      "  -3.33233225e-01 -1.33390336e-02  1.69502441e-01 -1.78135507e-01\n",
      "  -1.97536363e-02 -1.21666326e-01 -2.54252019e-01 -2.73955873e-02\n",
      "   4.74986004e-02 -5.98778332e-02  2.69584405e-02  1.23676467e-01\n",
      "   1.86415753e-01 -2.03899812e-01  9.95538143e-02 -7.55634345e-02\n",
      "  -2.96258572e-01 -1.21117035e-01]\n",
      " [-1.04089479e-01 -9.01027922e-02  1.53518577e-02 -1.25433156e-01\n",
      "  -1.53700753e-01  1.26934723e-01 -9.72939019e-02 -4.02273508e-01\n",
      "   2.10043161e-01  5.61434357e-02  1.25918901e-01 -4.11894819e-01\n",
      "   2.81786267e-01  1.06805382e-02 -1.47539138e-01  1.53204981e-01\n",
      "   1.86987857e-02  1.06730339e-01  2.20339375e-01  2.26370045e-02\n",
      "  -4.52366952e-02  5.33466305e-02 -2.39645759e-02 -1.07539704e-01\n",
      "  -1.64869765e-01  1.78597057e-01 -8.74726768e-02  6.86170014e-02\n",
      "   2.61238469e-01  1.06564188e-01]\n",
      " [ 8.25881073e-02  6.98512698e-02 -1.07790745e-02  9.94941247e-02\n",
      "   1.21217363e-01 -9.72939019e-02  7.70374926e-02  3.02962501e-01\n",
      "  -1.56346501e-01 -4.07569039e-02 -9.10858910e-02  3.09050071e-01\n",
      "  -2.10237317e-01 -8.46919607e-03  1.06506082e-01 -1.12117624e-01\n",
      "  -1.22447696e-02 -7.63643471e-02 -1.59856965e-01 -1.73344586e-02\n",
      "   2.94518865e-02 -3.74991255e-02  1.68849124e-02  7.77248548e-02\n",
      "   1.16873571e-01 -1.28017860e-01  6.24751303e-02 -4.72006983e-02\n",
      "  -1.85825435e-01 -7.59977986e-02]\n",
      " [ 3.23839893e-01  2.83812877e-01 -5.08454744e-02  3.90172186e-01\n",
      "   4.79641135e-01 -4.02273508e-01  3.02962501e-01  1.28705245e+00\n",
      "  -6.76240022e-01 -1.82901042e-01 -4.11571394e-01  1.32038560e+00\n",
      "  -9.05984405e-01 -3.28823570e-02  4.82913583e-01 -4.97703932e-01\n",
      "  -6.38135607e-02 -3.51021682e-01 -7.19260072e-01 -7.15922059e-02\n",
      "   1.55961260e-01 -1.77079358e-01  7.93372802e-02  3.51817084e-01\n",
      "   5.45046343e-01 -5.87158336e-01  2.88074231e-01 -2.30602152e-01\n",
      "  -8.62269716e-01 -3.51385286e-01]\n",
      " [-1.67049692e-01 -1.47612654e-01  2.73035465e-02 -2.01211459e-01\n",
      "  -2.47882447e-01  2.10043161e-01 -1.56346501e-01 -6.76240022e-01\n",
      "   3.56777691e-01  9.72047769e-02  2.19287558e-01 -6.94634885e-01\n",
      "   4.77543879e-01  1.67912325e-02 -2.57552146e-01  2.64128686e-01\n",
      "   3.48883661e-02  1.87802976e-01  3.82926389e-01  3.73071696e-02\n",
      "  -8.59126702e-02  9.52935118e-02 -4.26054054e-02 -1.87568993e-01\n",
      "  -2.92576061e-01  3.14065608e-01 -1.54256866e-01  1.25087562e-01\n",
      "   4.62388546e-01  1.88311826e-01]\n",
      " [-4.34469106e-02 -3.91225966e-02  7.70380661e-03 -5.23812560e-02\n",
      "  -6.48322956e-02  5.61434357e-02 -4.07569039e-02 -1.82901042e-01\n",
      "   9.72047769e-02  2.69364191e-02  6.07201546e-02 -1.88345980e-01\n",
      "   1.29953022e-01  4.45841973e-03 -7.13507675e-02  7.26795521e-02\n",
      "   1.01997047e-02  5.22482635e-02  1.05818161e-01  1.00254061e-02\n",
      "  -2.48492024e-02  2.67364791e-02 -1.19728249e-02 -5.19210397e-02\n",
      "  -8.17220954e-02  8.72185322e-02 -4.29255231e-02  3.53515758e-02\n",
      "   1.28901758e-01  5.24016219e-02]\n",
      " [-9.72427212e-02 -8.76611591e-02  1.74610210e-02 -1.17012645e-01\n",
      "  -1.44929871e-01  1.25918901e-01 -9.10858910e-02 -4.11571394e-01\n",
      "   2.19287558e-01  6.07201546e-02  1.37934828e-01 -4.24028499e-01\n",
      "   2.92838505e-01  9.43115390e-03 -1.62411582e-01  1.64604386e-01\n",
      "   2.31651431e-02  1.19310021e-01  2.40471515e-01  2.22103574e-02\n",
      "  -5.82485667e-02  6.13556881e-02 -2.72747180e-02 -1.18196280e-01\n",
      "  -1.87336212e-01  1.99493836e-01 -9.82209523e-02  8.20680253e-02\n",
      "   2.95419016e-01  1.20168808e-01]\n",
      " [ 3.30283613e-01  2.90241419e-01 -5.25281196e-02  3.97930382e-01\n",
      "   4.89509319e-01 -4.11894819e-01  3.09050071e-01  1.32038560e+00\n",
      "  -6.94634885e-01 -1.88345980e-01 -4.24028499e-01  1.35513169e+00\n",
      "  -9.30385813e-01 -3.35078968e-02  4.97646071e-01 -5.12156587e-01\n",
      "  -6.63267343e-02 -3.62062153e-01 -7.40819882e-01 -7.32983893e-02\n",
      "   1.62242768e-01 -1.82960395e-01  8.19433667e-02  3.62501791e-01\n",
      "   5.62702317e-01 -6.05514796e-01  2.97185330e-01 -2.38758177e-01\n",
      "  -8.89898364e-01 -3.62553294e-01]\n",
      " [-2.24618171e-01 -1.98180745e-01  3.64198002e-02 -2.70609105e-01\n",
      "  -3.33233225e-01  2.81786267e-01 -2.10237317e-01 -9.05984405e-01\n",
      "   4.77543879e-01  1.29953022e-01  2.92838505e-01 -9.30385813e-01\n",
      "   6.39352927e-01  2.27217074e-02 -3.43817546e-01  3.53055492e-01\n",
      "   4.63861357e-02  2.50497988e-01  5.11415531e-01  5.01190148e-02\n",
      "  -1.13742444e-01  1.26921941e-01 -5.68044030e-02 -2.50407459e-01\n",
      "  -3.89890837e-01  4.18868986e-01 -2.05686015e-01  1.66201504e-01\n",
      "   6.16308019e-01  2.51010739e-01]\n",
      " [-8.99664407e-03 -7.66687076e-03  1.15010417e-03 -1.09555168e-02\n",
      "  -1.33390336e-02  1.06805382e-02 -8.46919607e-03 -3.28823570e-02\n",
      "   1.67912325e-02  4.45841973e-03  9.43115390e-03 -3.35078968e-02\n",
      "   2.27217074e-02  1.20942781e-03 -1.08662280e-02  1.18115015e-02\n",
      "   1.32840797e-03  7.62186062e-03  1.64828976e-02  2.04829993e-03\n",
      "  -2.24753253e-03  3.60504226e-03 -1.72658438e-03 -7.91650043e-03\n",
      "  -1.13179606e-02  1.25854534e-02 -6.13002454e-03  4.06587100e-03\n",
      "   1.80068076e-02  7.31664873e-03]\n",
      " [ 1.13739017e-01  1.02647122e-01 -2.05629861e-02  1.36796605e-01\n",
      "   1.69502441e-01 -1.47539138e-01  1.06506082e-01  4.82913583e-01\n",
      "  -2.57552146e-01 -7.13507675e-02 -1.62411582e-01  4.97646071e-01\n",
      "  -3.43817546e-01 -1.08662280e-02  1.91337916e-01 -1.93608877e-01\n",
      "  -2.73323219e-02 -1.40701649e-01 -2.83148903e-01 -2.59423621e-02\n",
      "   6.92628856e-02 -7.24752003e-02  3.21579516e-02  1.39247476e-01\n",
      "   2.21185406e-01 -2.35349754e-01  1.15895595e-01 -9.72604031e-02\n",
      "  -3.48750389e-01 -1.41876088e-01]\n",
      " [-1.19727284e-01 -1.07062623e-01  2.07071361e-02 -1.44138437e-01\n",
      "  -1.78135507e-01  1.53204981e-01 -1.12117624e-01 -4.97703932e-01\n",
      "   2.64128686e-01  7.26795521e-02  1.64604386e-01 -5.12156587e-01\n",
      "   3.53055492e-01  1.18115015e-02 -1.93608877e-01  1.97163795e-01\n",
      "   2.70824557e-02  1.41803018e-01  2.87143473e-01  2.71125072e-02\n",
      "  -6.74796895e-02  7.25351335e-02 -3.23254507e-02 -1.40938622e-01\n",
      "  -2.21949251e-01  2.37100983e-01 -1.16626625e-01  9.62853480e-02\n",
      "   3.50299086e-01  1.42553928e-01]\n",
      " [-1.29633984e-02 -1.26113075e-02  3.09885926e-03 -1.56393898e-02\n",
      "  -1.97536363e-02  1.86987857e-02 -1.22447696e-02 -6.38135607e-02\n",
      "   3.48883661e-02  1.01997047e-02  2.31651431e-02 -6.63267343e-02\n",
      "   4.63861357e-02  1.32840797e-03 -2.73323219e-02  2.70824557e-02\n",
      "   4.52731132e-03  2.03579106e-02  4.01372330e-02  3.34663710e-03\n",
      "  -1.11073040e-02  1.07428347e-02 -4.78926963e-03 -1.98383297e-02\n",
      "  -3.23690530e-02  3.38557878e-02 -1.67739429e-02  1.46962832e-02\n",
      "   5.07381913e-02  2.05268794e-02]\n",
      " [-8.15574033e-02 -7.40479813e-02  1.51646910e-02 -9.80241695e-02\n",
      "  -1.21666326e-01  1.06730339e-01 -7.63643471e-02 -3.51021682e-01\n",
      "   1.87802976e-01  5.22482635e-02  1.19310021e-01 -3.62062153e-01\n",
      "   2.50497988e-01  7.62186062e-03 -1.40701649e-01  1.41803018e-01\n",
      "   2.03579106e-02  1.03725325e-01  2.07928191e-01  1.86884485e-02\n",
      "  -5.21043014e-02  5.36548680e-02 -2.37422367e-02 -1.02375583e-01\n",
      "  -1.63487725e-01  1.73529245e-01 -8.55126797e-02  7.24756825e-02\n",
      "   2.57613475e-01  1.04775157e-01]\n",
      " [-1.70714876e-01 -1.53541965e-01  3.03734887e-02 -2.05388556e-01\n",
      "  -2.54252019e-01  2.20339375e-01 -1.59856965e-01 -7.19260072e-01\n",
      "   3.82926389e-01  1.05818161e-01  2.40471515e-01 -7.40819882e-01\n",
      "   5.11415531e-01  1.64828976e-02 -2.83148903e-01  2.87143473e-01\n",
      "   4.01372330e-02  2.07928191e-01  4.19335706e-01  3.88228698e-02\n",
      "  -1.01185618e-01  1.06847631e-01 -4.74758027e-02 -2.06086383e-01\n",
      "  -3.26386352e-01  3.47770983e-01 -1.71187300e-01  1.42868906e-01\n",
      "   5.14808615e-01  2.09461177e-01]\n",
      " [-1.85012494e-02 -1.60614701e-02  2.72959963e-03 -2.23558287e-02\n",
      "  -2.73955873e-02  2.26370045e-02 -1.73344586e-02 -7.15922059e-02\n",
      "   3.73071696e-02  1.00254061e-02  2.22103574e-02 -7.32983893e-02\n",
      "   5.01190148e-02  2.04829993e-03 -2.59423621e-02  2.71125072e-02\n",
      "   3.34663710e-03  1.86884485e-02  3.88228698e-02  4.11344981e-03\n",
      "  -7.60066986e-03  9.27819036e-03 -4.22108815e-03 -1.88998594e-02\n",
      "  -2.87013797e-02  3.11650478e-02 -1.52613579e-02  1.17029725e-02\n",
      "   4.54711183e-02  1.85191987e-02]\n",
      " [ 3.14356384e-02  3.04546282e-02 -7.66300207e-03  3.75388561e-02\n",
      "   4.74986004e-02 -4.52366952e-02  2.94518865e-02  1.55961260e-01\n",
      "  -8.59126702e-02 -2.48492024e-02 -5.82485667e-02  1.62242768e-01\n",
      "  -1.13742444e-01 -2.24753253e-03  6.92628856e-02 -6.74796895e-02\n",
      "  -1.11073040e-02 -5.21043014e-02 -1.01185618e-01 -7.60066986e-03\n",
      "   3.04990378e-02 -2.79039227e-02  1.20981664e-02  5.03375135e-02\n",
      "   8.39378543e-02 -8.73705245e-02  4.32971273e-02 -3.96418854e-02\n",
      "  -1.31650873e-01 -5.34649039e-02]\n",
      " [-4.00347106e-02 -3.67926874e-02  7.86188654e-03 -4.80735755e-02\n",
      "  -5.98778332e-02  5.33466305e-02 -3.74991255e-02 -1.77079358e-01\n",
      "   9.52935118e-02  2.67364791e-02  6.13556881e-02 -1.82960395e-01\n",
      "   1.26921941e-01  3.60504226e-03 -7.24752003e-02  7.25351335e-02\n",
      "   1.07428347e-02  5.36548680e-02  1.06847631e-01  9.27819036e-03\n",
      "  -2.79039227e-02  2.79661248e-02 -1.23260855e-02 -5.27216472e-02\n",
      "  -8.49665243e-02  8.98035306e-02 -4.43084367e-02  3.81949580e-02\n",
      "   1.33749102e-01  5.43781600e-02]\n",
      " [ 1.79960861e-02  1.65359637e-02 -3.50578696e-03  2.16544038e-02\n",
      "   2.69584405e-02 -2.39645759e-02  1.68849124e-02  7.93372802e-02\n",
      "  -4.26054054e-02 -1.19728249e-02 -2.72747180e-02  8.19433667e-02\n",
      "  -5.68044030e-02 -1.72658438e-03  3.21579516e-02 -3.23254507e-02\n",
      "  -4.78926963e-03 -2.37422367e-02 -4.74758027e-02 -4.22108815e-03\n",
      "   1.20981664e-02 -1.23260855e-02  5.46971788e-03  2.33906517e-02\n",
      "   3.74754982e-02 -3.96763357e-02  1.95712631e-02 -1.66721138e-02\n",
      "  -5.89990423e-02 -2.39719672e-02]\n",
      " [ 8.30052470e-02  7.48383027e-02 -1.49529275e-02  9.98320954e-02\n",
      "   1.23676467e-01 -1.07539704e-01  7.77248548e-02  3.51817084e-01\n",
      "  -1.87568993e-01 -5.19210397e-02 -1.18196280e-01  3.62501791e-01\n",
      "  -2.50407459e-01 -7.91650043e-03  1.39247476e-01 -1.40938622e-01\n",
      "  -1.98383297e-02 -1.02375583e-01 -2.06086383e-01 -1.88998594e-02\n",
      "   5.03375135e-02 -5.27216472e-02  2.33906517e-02  1.01349581e-01\n",
      "   1.60928675e-01 -1.71284967e-01  8.43381449e-02 -7.07497937e-02\n",
      "  -2.53779470e-01 -1.03257821e-01]\n",
      " [ 1.24828949e-01  1.14024700e-01 -2.38971929e-02  1.49912928e-01\n",
      "   1.86415753e-01 -1.64869765e-01  1.16873571e-01  5.45046343e-01\n",
      "  -2.92576061e-01 -8.17220954e-02 -1.87336212e-01  5.62702317e-01\n",
      "  -3.89890837e-01 -1.13179606e-02  2.21185406e-01 -2.21949251e-01\n",
      "  -3.23690530e-02 -1.63487725e-01 -3.26386352e-01 -2.87013797e-02\n",
      "   8.39378543e-02 -8.49665243e-02  3.74754982e-02  1.60928675e-01\n",
      "   2.58474103e-01 -2.73678741e-01  1.34954030e-01 -1.15643857e-01\n",
      "  -4.07082788e-01 -1.65563799e-01]\n",
      " [-1.36769476e-01 -1.23952806e-01  2.53047983e-02 -1.64321455e-01\n",
      "  -2.03899812e-01  1.78597057e-01 -1.28017860e-01 -5.87158336e-01\n",
      "   3.14065608e-01  8.72185322e-02  1.99493836e-01 -6.05514796e-01\n",
      "   4.18868986e-01  1.25854534e-02 -2.35349754e-01  2.37100983e-01\n",
      "   3.38557878e-02  1.73529245e-01  3.47770983e-01  3.11650478e-02\n",
      "  -8.73705245e-02  8.98035306e-02 -3.96763357e-02 -1.71284967e-01\n",
      "  -2.73678741e-01  2.90546805e-01 -1.43154731e-01  1.21549938e-01\n",
      "   4.31359310e-01  1.75519774e-01]\n",
      " [ 6.67352687e-02  6.06403136e-02 -1.24845315e-02  8.01753255e-02\n",
      "   9.95538143e-02 -8.74726768e-02  6.24751303e-02  2.88074231e-01\n",
      "  -1.54256866e-01 -4.29255231e-02 -9.82209523e-02  2.97185330e-01\n",
      "  -2.05686015e-01 -6.13002454e-03  1.15895595e-01 -1.16626625e-01\n",
      "  -1.67739429e-02 -8.55126797e-02 -1.71187300e-01 -1.52613579e-02\n",
      "   4.32971273e-02 -4.43084367e-02  1.95712631e-02  8.43381449e-02\n",
      "   1.34954030e-01 -1.43154731e-01  7.05523343e-02 -6.00556237e-02\n",
      "  -2.12653184e-01 -8.65114795e-02]\n",
      " [-5.04452134e-02 -4.69914873e-02  1.05733018e-02 -6.03982823e-02\n",
      "  -7.55634345e-02  6.86170014e-02 -4.72006983e-02 -2.30602152e-01\n",
      "   1.25087562e-01  3.53515758e-02  8.20680253e-02 -2.38758177e-01\n",
      "   1.66201504e-01  4.06587100e-03 -9.72604031e-02  9.62853480e-02\n",
      "   1.46962832e-02  7.24756825e-02  1.42868906e-01  1.17029725e-02\n",
      "  -3.96418854e-02  3.81949580e-02 -1.66721138e-02 -7.07497937e-02\n",
      "  -1.15643857e-01  1.21549938e-01 -6.00556237e-02  5.31667693e-02\n",
      "   1.81856078e-01  7.39600219e-02]\n",
      " [-1.98499828e-01 -1.80855574e-01  3.76115752e-02 -2.38397822e-01\n",
      "  -2.96258572e-01  2.61238469e-01 -1.85825435e-01 -8.62269716e-01\n",
      "   4.62388546e-01  1.28901758e-01  2.95419016e-01 -8.89898364e-01\n",
      "   6.16308019e-01  1.80068076e-02 -3.48750389e-01  3.50299086e-01\n",
      "   5.07381913e-02  2.57613475e-01  5.14808615e-01  4.54711183e-02\n",
      "  -1.31650873e-01  1.33749102e-01 -5.89990423e-02 -2.53779470e-01\n",
      "  -4.07082788e-01  4.31359310e-01 -2.12653184e-01  1.81856078e-01\n",
      "   6.41310132e-01  2.60888816e-01]\n",
      " [-8.12017216e-02 -7.38282225e-02  1.52698738e-02 -9.75067288e-02\n",
      "  -1.21117035e-01  1.06564188e-01 -7.59977986e-02 -3.51385286e-01\n",
      "   1.88311826e-01  5.24016219e-02  1.20168808e-01 -3.62553294e-01\n",
      "   2.51010739e-01  7.31664873e-03 -1.41876088e-01  1.42553928e-01\n",
      "   2.05268794e-02  1.04775157e-01  2.09461177e-01  1.85191987e-02\n",
      "  -5.34649039e-02  5.43781600e-02 -2.39719672e-02 -1.03257821e-01\n",
      "  -1.65563799e-01  1.75519774e-01 -8.65114795e-02  7.39600219e-02\n",
      "   2.60888816e-01  1.06163375e-01]]\n",
      "\n",
      "Matrica Q iznosi:\n",
      " [[ 2.42933944e-01  1.17150297e-01 -3.93887236e-01  5.27670678e-01\n",
      "   1.50378528e-01 -6.57138666e-02 -1.72865250e-01  9.05506448e-02\n",
      "  -1.05661427e-01  2.87429853e-01  6.81462919e-02  1.80864749e-01\n",
      "  -9.00859561e-02 -3.47137413e-01  1.13604220e-01 -2.31670968e-01\n",
      "  -5.20761821e-02 -4.59451255e-02 -1.79897614e-01  1.95417428e-01\n",
      "  -3.07875054e-01  2.64549178e-01 -7.59257704e-02  2.05181657e-01\n",
      "   2.39347522e-01 -1.76680956e-01 -1.37572585e-01  1.53977813e-01\n",
      "   1.28815630e-02  1.52413114e-02]\n",
      " [ 1.17150297e-01  5.70396774e-02 -1.91699990e-01  2.57658701e-01\n",
      "   7.29607288e-02 -3.11969922e-02 -8.46843922e-02  4.50066442e-02\n",
      "  -5.21515189e-02  1.42059800e-01  3.43635741e-02  8.89536565e-02\n",
      "  -4.43385610e-02 -1.72081367e-01  5.64093892e-02 -1.15078206e-01\n",
      "  -2.53281251e-02 -2.21643035e-02 -8.94180531e-02  9.69964588e-02\n",
      "  -1.52771106e-01  1.32139102e-01 -3.86041667e-02  1.01704578e-01\n",
      "   1.19432823e-01 -8.76994383e-02 -6.85855526e-02  7.69488133e-02\n",
      "   6.71907597e-03  7.66883585e-03]\n",
      " [-3.93887236e-01 -1.91699990e-01  6.44717011e-01 -8.67417692e-01\n",
      "  -2.45297507e-01  1.04187995e-01  2.85192492e-01 -1.52445613e-01\n",
      "   1.75983494e-01 -4.79927765e-01 -1.16344390e-01 -2.99868058e-01\n",
      "   1.49468904e-01  5.82068765e-01 -1.91100336e-01  3.89411661e-01\n",
      "   8.49124806e-02  7.37695800e-02  3.02552077e-01 -3.28472323e-01\n",
      "   5.17555086e-01 -4.49388152e-01  1.32334304e-01 -3.44633716e-01\n",
      "  -4.05778244e-01  2.97391159e-01  2.32979713e-01 -2.62150304e-01\n",
      "  -2.35836602e-02 -2.60517206e-02]\n",
      " [ 5.27670678e-01  2.57658701e-01 -8.67417692e-01  1.17075000e+00\n",
      "   3.29422989e-01 -1.36908929e-01 -3.85708971e-01  2.09505046e-01\n",
      "  -2.39581987e-01  6.55072404e-01  1.60718823e-01  4.06941104e-01\n",
      "  -2.02908444e-01 -7.97175143e-01  2.62591384e-01 -5.34160855e-01\n",
      "  -1.13573787e-01 -9.70494286e-02 -4.15057978e-01  4.50987357e-01\n",
      "  -7.10997599e-01  6.23042986e-01 -1.87191853e-01  4.73417215e-01\n",
      "   5.61415361e-01 -4.09260776e-01 -3.22125530e-01  3.64559317e-01\n",
      "   3.49238858e-02  3.61601955e-02]\n",
      " [ 1.50378528e-01  7.29607288e-02 -2.45297507e-01  3.29422989e-01\n",
      "   9.34522416e-02 -4.01823376e-02 -1.08160618e-01  5.73016798e-02\n",
      "  -6.64780233e-02  1.81067561e-01  4.35289849e-02  1.13493573e-01\n",
      "  -5.65563774e-02 -2.19194287e-01  7.18475612e-02 -1.46500649e-01\n",
      "  -3.23844981e-02 -2.83560591e-02 -1.13805351e-01  1.23543333e-01\n",
      "  -1.94627349e-01  1.68170829e-01 -4.89604068e-02  1.29627045e-01\n",
      "   1.52002988e-01 -1.11749258e-01 -8.73114354e-02  9.79690049e-02\n",
      "   8.51518495e-03  9.73208648e-03]\n",
      " [-6.57138666e-02 -3.11969922e-02  1.04187995e-01 -1.36908929e-01\n",
      "  -4.01823376e-02  1.97254883e-02  4.43068742e-02 -2.07585801e-02\n",
      "   2.59511390e-02 -6.92873528e-02 -1.50778298e-02 -4.53617519e-02\n",
      "   2.25470843e-02  8.16740625e-02 -2.60605625e-02  5.38929119e-02\n",
      "   1.42966931e-02  1.38274254e-02  4.18279757e-02 -4.51125178e-02\n",
      "   7.07411580e-02 -5.64577838e-02  1.33664049e-02 -4.71426472e-02\n",
      "  -5.19915313e-02  4.00329364e-02  3.00409036e-02 -3.19860059e-02\n",
      "  -1.02752298e-03 -3.23085263e-03]\n",
      " [-1.72865250e-01 -8.46843922e-02  2.85192492e-01 -3.85708971e-01\n",
      "  -1.08160618e-01  4.43068742e-02  1.27270506e-01 -6.98011010e-02\n",
      "   7.93911520e-02 -2.17381776e-01 -5.38037657e-02 -1.34578281e-01\n",
      "   6.71233551e-02  2.65072402e-01 -8.74661606e-02  1.77806780e-01\n",
      "   3.72379546e-02  3.15290471e-02  1.38183329e-01 -1.50155824e-01\n",
      "   2.36772415e-01 -2.08535088e-01  6.33662199e-02 -1.57618702e-01\n",
      "  -1.87707578e-01  1.36399251e-01  1.07654967e-01 -1.22180663e-01\n",
      "  -1.20786498e-02 -1.21248726e-02]\n",
      " [ 9.05506448e-02  4.50066442e-02 -1.52445613e-01  2.09505046e-01\n",
      "   5.73016798e-02 -2.07585801e-02 -6.98011010e-02  4.12910033e-02\n",
      "  -4.49341565e-02  1.24608136e-01  3.24434324e-02  7.50322992e-02\n",
      "  -3.74797546e-02 -1.54343846e-01  5.17250147e-02 -1.04252636e-01\n",
      "  -1.92578521e-02 -1.47722794e-02 -8.10421924e-02  8.84621259e-02\n",
      "  -1.39888919e-01  1.28308062e-01 -4.22390579e-02  9.31347551e-02\n",
      "   1.14440896e-01 -8.12566558e-02 -6.54552287e-02  7.62000396e-02\n",
      "   9.42013537e-03  7.47957225e-03]\n",
      " [-1.05661427e-01 -5.21515189e-02  1.75983494e-01 -2.39581987e-01\n",
      "  -6.64780233e-02  2.59511390e-02  7.93911520e-02 -4.49341565e-02\n",
      "   5.01881952e-02 -1.38115010e-01 -3.49928776e-02 -8.45340124e-02\n",
      "   4.21926023e-02  1.69520643e-01 -5.62882709e-02  1.14059583e-01\n",
      "   2.27036712e-02  1.85420452e-02  8.86626704e-02 -9.64843533e-02\n",
      "   1.52297258e-01 -1.36440714e-01  4.29519180e-02 -1.01366745e-01\n",
      "  -1.22352452e-01  8.80204411e-02  7.00844935e-02 -8.03771048e-02\n",
      "  -8.79013988e-03 -7.95234903e-03]\n",
      " [ 2.87429853e-01  1.42059800e-01 -4.79927765e-01  6.55072404e-01\n",
      "   1.81067561e-01 -6.92873528e-02 -2.17381776e-01  1.24608136e-01\n",
      "  -1.38115010e-01  3.80956089e-01  9.72278064e-02  2.32072459e-01\n",
      "  -1.15854774e-01 -4.68821247e-01  1.56104394e-01 -3.15784523e-01\n",
      "  -6.15324439e-02 -4.93849460e-02 -2.45463540e-01  2.67396395e-01\n",
      "  -4.22325937e-01  3.81034220e-01 -1.21588673e-01  2.81137372e-01\n",
      "   3.41121151e-01 -2.44465408e-01 -1.95315461e-01  2.25040880e-01\n",
      "   2.55937866e-02  2.22000594e-02]\n",
      " [ 6.81462919e-02  3.43635741e-02 -1.16344390e-01  1.60718823e-01\n",
      "   4.35289849e-02 -1.50778298e-02 -5.38037657e-02  3.24434324e-02\n",
      "  -3.49928776e-02  9.72278064e-02  2.59061613e-02  5.81603461e-02\n",
      "  -2.90813135e-02 -1.20885196e-01  4.05939225e-02 -8.18588562e-02\n",
      "  -1.46634418e-02 -1.10433711e-02 -6.36823634e-02  6.93936248e-02\n",
      "  -1.09700565e-01  1.01355805e-01 -3.39127767e-02  7.29425113e-02\n",
      "   9.03045947e-02 -6.37457824e-02 -5.16002392e-02  6.02121714e-02\n",
      "   7.66230150e-03  5.95561025e-03]\n",
      " [ 1.80864749e-01  8.89536565e-02 -2.99868058e-01  4.06941104e-01\n",
      "   1.13493573e-01 -4.53617519e-02 -1.34578281e-01  7.50322992e-02\n",
      "  -8.45340124e-02  2.32072459e-01  5.81603461e-02  1.42821429e-01\n",
      "  -7.12619814e-02 -2.83957779e-01  9.40037886e-02 -1.90784438e-01\n",
      "  -3.89167145e-02 -3.23576174e-02 -1.48288787e-01  1.61250689e-01\n",
      "  -2.54401489e-01  2.26077137e-01 -7.00044773e-02  1.69335181e-01\n",
      "   2.03094414e-01 -1.46801597e-01 -1.16402518e-01  1.32832901e-01\n",
      "   1.38666985e-02  1.31634929e-02]\n",
      " [-9.00859561e-02 -4.43385610e-02  1.49468904e-01 -2.02908444e-01\n",
      "  -5.65563774e-02  2.25470843e-02  6.71233551e-02 -3.74797546e-02\n",
      "   4.21926023e-02 -1.15854774e-01 -2.90813135e-02 -7.12619814e-02\n",
      "   3.55590673e-02  1.41800747e-01 -4.69531563e-02  9.52904492e-02\n",
      "   1.93922437e-02  1.61028576e-02  7.40683824e-02 -8.05375299e-02\n",
      "   1.27063011e-01 -1.12994512e-01  3.50438767e-02 -8.45700879e-02\n",
      "  -1.01493958e-01  7.33271924e-02  5.81666123e-02 -6.63978870e-02\n",
      "  -6.95717758e-03 -6.58223275e-03]\n",
      " [-3.47137413e-01 -1.72081367e-01  5.82068765e-01 -7.97175143e-01\n",
      "  -2.19194287e-01  8.16740625e-02  2.65072402e-01 -1.54343846e-01\n",
      "   1.69520643e-01 -4.68821247e-01 -1.20885196e-01 -2.83957779e-01\n",
      "   1.41800747e-01  5.78817323e-01 -1.93345985e-01  3.90428567e-01\n",
      "   7.41006387e-02  5.82045761e-02  3.03499968e-01 -3.30930960e-01\n",
      "   5.22982591e-01 -4.75752307e-01  1.54236189e-01 -3.48155586e-01\n",
      "  -4.25127253e-01  3.03246619e-01  2.43281600e-01 -2.81750244e-01\n",
      "  -3.34419022e-02 -2.77310208e-02]\n",
      " [ 1.13604220e-01  5.64093892e-02 -1.91100336e-01  2.62591384e-01\n",
      "   7.18475612e-02 -2.60605625e-02 -8.74661606e-02  5.17250147e-02\n",
      "  -5.62882709e-02  1.56104394e-01  4.05939225e-02  9.40037886e-02\n",
      "  -4.69531563e-02 -1.93345985e-01  6.48026967e-02 -1.30582951e-01\n",
      "  -2.41289748e-02 -1.84978188e-02 -1.01503597e-01  1.10824838e-01\n",
      "  -1.75266603e-01  1.60767574e-01 -5.29168403e-02  1.16702864e-01\n",
      "   1.43383162e-01 -1.01818572e-01 -8.20122207e-02  9.54981979e-02\n",
      "   1.18155840e-02  9.36507304e-03]\n",
      " [-2.31670968e-01 -1.15078206e-01  3.89411661e-01 -5.34160855e-01\n",
      "  -1.46500649e-01  5.38929119e-02  1.77806780e-01 -1.04252636e-01\n",
      "   1.14059583e-01 -3.15784523e-01 -8.18588562e-02 -1.90784438e-01\n",
      "   9.52904492e-02  3.90428567e-01 -1.30582951e-01  2.63537677e-01\n",
      "   4.94395278e-02  3.84794658e-02  2.04876051e-01 -2.23436970e-01\n",
      "   3.53172125e-01 -3.22374224e-01  1.05210086e-01 -2.35090753e-01\n",
      "  -2.87859332e-01  2.04911099e-01  1.64686439e-01 -1.91098343e-01\n",
      "  -2.30600050e-02 -1.88051080e-02]\n",
      " [-5.20761821e-02 -2.53281251e-02  8.49124806e-02 -1.13573787e-01\n",
      "  -3.23844981e-02  1.42966931e-02  3.72379546e-02 -1.92578521e-02\n",
      "   2.27036712e-02 -6.15324439e-02 -1.46634418e-02 -3.89167145e-02\n",
      "   1.93922437e-02  7.41006387e-02 -2.41289748e-02  4.94395278e-02\n",
      "   1.13578076e-02  1.02342245e-02  3.84222690e-02 -4.15592569e-02\n",
      "   6.53570163e-02 -5.55404137e-02  1.56067679e-02 -4.34851366e-02\n",
      "  -5.04198314e-02  3.73712645e-02  2.89833334e-02 -3.21112154e-02\n",
      "  -2.41833700e-03 -3.23024016e-03]\n",
      " [-4.59451255e-02 -2.21643035e-02  7.37695800e-02 -9.70494286e-02\n",
      "  -2.83560591e-02  1.38274254e-02  3.15290471e-02 -1.47722794e-02\n",
      "   1.85420452e-02 -4.93849460e-02 -1.10433711e-02 -3.23576174e-02\n",
      "   1.61028576e-02  5.82045761e-02 -1.84978188e-02  3.84794658e-02\n",
      "   1.02342245e-02  1.00214423e-02  2.99117917e-02 -3.20556269e-02\n",
      "   5.01501287e-02 -3.97563954e-02  9.32416390e-03 -3.33195887e-02\n",
      "  -3.67227086e-02  2.82691743e-02  2.12024273e-02 -2.23339405e-02\n",
      "  -5.50317578e-04 -2.32072572e-03]\n",
      " [-1.79897614e-01 -8.94180531e-02  3.02552077e-01 -4.15057978e-01\n",
      "  -1.13805351e-01  4.18279757e-02  1.38183329e-01 -8.10421924e-02\n",
      "   8.86626704e-02 -2.45463540e-01 -6.36823634e-02 -1.48288787e-01\n",
      "   7.40683824e-02  3.03499968e-01 -1.01503597e-01  2.04876051e-01\n",
      "   3.84222690e-02  2.99117917e-02  1.59278812e-01 -1.73682591e-01\n",
      "   2.74514951e-01 -2.50576342e-01  8.17923437e-02 -1.82718137e-01\n",
      "  -2.23755779e-01  1.59263399e-01  1.28008637e-01 -1.48519552e-01\n",
      "  -1.79161998e-02 -1.46234988e-02]\n",
      " [ 1.95417428e-01  9.69964588e-02 -3.28472323e-01  4.50987357e-01\n",
      "   1.23543333e-01 -4.51125178e-02 -1.50155824e-01  8.84621259e-02\n",
      "  -9.64843533e-02  2.67396395e-01  6.93936248e-02  1.61250689e-01\n",
      "  -8.05375299e-02 -3.30930960e-01  1.10824838e-01 -2.23436970e-01\n",
      "  -4.15592569e-02 -3.20556269e-02 -1.73682591e-01  1.89569652e-01\n",
      "  -2.99746138e-01  2.74395924e-01 -8.99893358e-02  1.99577314e-01\n",
      "   2.44839541e-01 -1.74052729e-01 -1.40059364e-01  1.62875429e-01\n",
      "   1.99539004e-02  1.59869110e-02]\n",
      " [-3.07875054e-01 -1.52771106e-01  5.17555086e-01 -7.10997599e-01\n",
      "  -1.94627349e-01  7.07411580e-02  2.36772415e-01 -1.39888919e-01\n",
      "   1.52297258e-01 -4.22325937e-01 -1.09700565e-01 -2.54401489e-01\n",
      "   1.27063011e-01  5.22982591e-01 -1.75266603e-01  3.53172125e-01\n",
      "   6.53570163e-02  5.01501287e-02  2.74514951e-01 -2.99746138e-01\n",
      "   4.74046922e-01 -4.34669460e-01  1.42953941e-01 -3.15666880e-01\n",
      "  -3.87688354e-01  2.75383844e-01  2.21760443e-01 -2.58192302e-01\n",
      "  -3.18959064e-02 -2.53110425e-02]\n",
      " [ 2.64549178e-01  1.32139102e-01 -4.49388152e-01  6.23042986e-01\n",
      "   1.68170829e-01 -5.64577838e-02 -2.08535088e-01  1.28308062e-01\n",
      "  -1.36440714e-01  3.81034220e-01  1.01355805e-01  2.26077137e-01\n",
      "  -1.12994512e-01 -4.75752307e-01  1.60767574e-01 -3.22374224e-01\n",
      "  -5.55404137e-02 -3.97563954e-02 -2.50576342e-01  2.74395924e-01\n",
      "  -4.34669460e-01  4.06789687e-01 -1.38746140e-01  2.89538854e-01\n",
      "   3.61157902e-01 -2.53645194e-01 -2.06322974e-01  2.43317597e-01\n",
      "   3.29740582e-02  2.36830061e-02]\n",
      " [-7.59257704e-02 -3.86041667e-02  1.32334304e-01 -1.87191853e-01\n",
      "  -4.89604068e-02  1.33664049e-02  6.33662199e-02 -4.22390579e-02\n",
      "   4.29519180e-02 -1.21588673e-01 -3.39127767e-02 -7.00044773e-02\n",
      "   3.50438767e-02  1.54236189e-01 -5.29168403e-02  1.05210086e-01\n",
      "   1.56067679e-02  9.32416390e-03  8.17923437e-02 -8.99893358e-02\n",
      "   1.42953941e-01 -1.38746140e-01  5.02844343e-02 -9.52498604e-02\n",
      "  -1.22214337e-01  8.40814894e-02  6.96555850e-02 -8.39470781e-02\n",
      "  -1.30753044e-02 -8.08896304e-03]\n",
      " [ 2.05181657e-01  1.01704578e-01 -3.44633716e-01  4.73417215e-01\n",
      "   1.29627045e-01 -4.71426472e-02 -1.57618702e-01  9.31347551e-02\n",
      "  -1.01366745e-01  2.81137372e-01  7.29425113e-02  1.69335181e-01\n",
      "  -8.45700879e-02 -3.48155586e-01  1.16702864e-01 -2.35090753e-01\n",
      "  -4.34851366e-02 -3.33195887e-02 -1.82718137e-01  1.99577314e-01\n",
      "  -3.15666880e-01  2.89538854e-01 -9.52498604e-02  2.10233060e-01\n",
      "   2.58210965e-01 -1.83413066e-01 -1.47703121e-01  1.72044156e-01\n",
      "   2.12995419e-02  1.68459568e-02]\n",
      " [ 2.39347522e-01  1.19432823e-01 -4.05778244e-01  5.61415361e-01\n",
      "   1.52002988e-01 -5.19915313e-02 -1.87707578e-01  1.14440896e-01\n",
      "  -1.22352452e-01  3.41121151e-01  9.03045947e-02  2.03094414e-01\n",
      "  -1.01493958e-01 -4.25127253e-01  1.43383162e-01 -2.87859332e-01\n",
      "  -5.04198314e-02 -3.67227086e-02 -2.23755779e-01  2.44839541e-01\n",
      "  -3.87688354e-01  3.61157902e-01 -1.22214337e-01  2.58210965e-01\n",
      "   3.20985666e-01 -2.25988696e-01 -1.83420899e-01  2.15673371e-01\n",
      "   2.86494490e-02  2.10341455e-02]\n",
      " [-1.76680956e-01 -8.76994383e-02  2.97391159e-01 -4.09260776e-01\n",
      "  -1.11749258e-01  4.00329364e-02  1.36399251e-01 -8.12566558e-02\n",
      "   8.80204411e-02 -2.44465408e-01 -6.37457824e-02 -1.46801597e-01\n",
      "   7.33271924e-02  3.03246619e-01 -1.01818572e-01  2.04911099e-01\n",
      "   3.73712645e-02  2.82691743e-02  1.59263399e-01 -1.74052729e-01\n",
      "   2.75383844e-01 -2.53645194e-01  8.40814894e-02 -1.83413066e-01\n",
      "  -2.25988696e-01  1.60150455e-01  1.29236839e-01 -1.50926880e-01\n",
      "  -1.90571480e-02 -1.47586911e-02]\n",
      " [-1.37572585e-01 -6.85855526e-02  2.32979713e-01 -3.22125530e-01\n",
      "  -8.73114354e-02  3.00409036e-02  1.07654967e-01 -6.54552287e-02\n",
      "   7.00844935e-02 -1.95315461e-01 -5.16002392e-02 -1.16402518e-01\n",
      "   5.81666123e-02  2.43281600e-01 -8.20122207e-02  1.64686439e-01\n",
